rank,keyword,channel,horizon,trend_score,predicted_delta,velocity_z,breakout,evidence,suggested_action
1,ai in banking,geo,month,100.0,-0.39,2.901,False,,"Publish a definitive, stat-backed explainer with clear entity references, citations-friendly formatting, and up-to-date facts so AI engines cite you. Create/refresh a dedicated page targeting this query; interlink from related pages."
2,digital dirham,geo,month,64.1,0.002,1.033,False,,"Publish a definitive, stat-backed explainer with clear entity references, citations-friendly formatting, and up-to-date facts so AI engines cite you. Create/refresh a dedicated page targeting this query; interlink from related pages."
3,digital bank uae business,geo,month,60.8,-0.074,1.119,False,2026-08-08: suggestion for 'digital banks uae' [AE/en] | 2026-08-09: suggestion for 'digital banks uae' [AE/en] | 2026-08-10: suggestion for 'digital banks uae' [AE/en],"Publish a definitive, stat-backed explainer with clear entity references, citations-friendly formatting, and up-to-date facts so AI engines cite you. Create/refresh a dedicated page targeting this query; interlink from related pages."
4,ai in banking industry,geo,month,60.7,-0.102,0.815,False,2026-08-08: suggestion for 'ai in banking' [AE/en] | 2026-08-09: suggestion for 'ai in banking' [AE/en] | 2026-08-10: suggestion for 'ai in banking' [AE/en],"Publish a definitive, stat-backed explainer with clear entity references, citations-friendly formatting, and up-to-date facts so AI engines cite you. Create/refresh a dedicated page targeting this query; interlink from related pages."
5,uses for ai in banking,geo,month,60.0,0.018,0.597,False,2026-08-08: suggestion for 'for ai in banking' [AE/en] | 2026-08-09: suggestion for 'for ai in banking' [AE/en] | 2026-08-10: suggestion for 'for ai in banking' [AE/en],"Publish a definitive, stat-backed explainer with clear entity references, citations-friendly formatting, and up-to-date facts so AI engines cite you. Create/refresh a dedicated page targeting this query; interlink from related pages."
6,fintech uae,geo,month,59.3,-0.093,0.274,False,,"Publish a definitive, stat-backed explainer with clear entity references, citations-friendly formatting, and up-to-date facts so AI engines cite you. Create/refresh a dedicated page targeting this query; interlink from related pages."
7,best fintech in uae,geo,month,59.1,0.014,0.623,False,2026-08-08: suggestion for 'best fintech uae' [AE/en] | 2026-08-09: suggestion for 'best fintech uae' [AE/en] | 2026-08-10: suggestion for 'best fintech uae' [AE/en],"Publish a definitive, stat-backed explainer with clear entity references, citations-friendly formatting, and up-to-date facts so AI engines cite you. Create/refresh a dedicated page targeting this query; interlink from related pages."
8,best ai bank in the world,geo,month,59.1,-0.152,1.026,False,2026-08-08: suggestion for 'best ai in banking' [AE/en] | 2026-08-09: suggestion for 'best ai in banking' [AE/en] | 2026-08-10: suggestion for 'best ai in banking' [AE/en],"Publish a definitive, stat-backed explainer with clear entity references, citations-friendly formatting, and up-to-date facts so AI engines cite you. Create/refresh a dedicated page targeting this query; interlink from related pages."
9,الدرهم الرقمي,geo,month,57.9,-0.036,0.642,False,,"Publish a definitive, stat-backed explainer with clear entity references, citations-friendly formatting, and up-to-date facts so AI engines cite you. Create/refresh a dedicated page targeting this query; interlink from related pages."
10,how ai used in banking,geo,month,57.2,-0.003,0.466,False,2026-08-08: question suggestion for 'كيف ai in banking' [AE/ar] | 2026-08-09: question suggestion for 'كيف ai in banking' [AE/ar] | 2026-08-10: question suggestion for 'كيف ai in banking' [AE/ar],"Publish a definitive, stat-backed explainer with clear entity references, citations-friendly formatting, and up-to-date facts so AI engines cite you. Add a concise 40–60 word direct answer; mark up with FAQPage/HowTo schema; target voice/featured snippets. Create/refresh a dedicated page targeting this query; interlink from related pages."
11,digital banks uae,geo,month,57.2,0.008,0.368,False,,"Publish a definitive, stat-backed explainer with clear entity references, citations-friendly formatting, and up-to-date facts so AI engines cite you. Create/refresh a dedicated page targeting this query; interlink from related pages."
12,bnpl uae,geo,month,56.9,0.014,0.62,False,,"Publish a definitive, stat-backed explainer with clear entity references, citations-friendly formatting, and up-to-date facts so AI engines cite you. Create/refresh a dedicated page targeting this query; interlink from related pages."
13,use cases for ai in banking,geo,month,55.1,-0.125,0.714,True,2026-08-20: suggestion for 'for ai in banking' [AE/en] | 2026-08-21: suggestion for 'for ai in banking' [AE/en] | 2026-08-08: suggestion for 'for ai in banking' [AE/en],"BREAKOUT detected — act now while competition is low. Publish a definitive, stat-backed explainer with clear entity references, citations-friendly formatting, and up-to-date facts so AI engines cite you. Create/refresh a dedicated page targeting this query; interlink from related pages."
14,embedded finance mena,geo,month,54.8,0.04,0.295,True,,"BREAKOUT detected — act now while competition is low. Publish a definitive, stat-backed explainer with clear entity references, citations-friendly formatting, and up-to-date facts so AI engines cite you. Create/refresh a dedicated page targeting this query; interlink from related pages."
15,ai in banking and finance,geo,month,54.4,-0.098,0.472,False,2026-08-08: suggestion for 'ai in banking' [AE/en] | 2026-08-09: suggestion for 'ai in banking' [AE/en] | 2026-08-10: suggestion for 'ai in banking' [AE/en],"Publish a definitive, stat-backed explainer with clear entity references, citations-friendly formatting, and up-to-date facts so AI engines cite you. Create/refresh a dedicated page targeting this query; interlink from related pages."
16,البنوك الرقمية الإمارات,geo,month,53.6,0.067,0.232,False,,"Publish a definitive, stat-backed explainer with clear entity references, citations-friendly formatting, and up-to-date facts so AI engines cite you. Create/refresh a dedicated page targeting this query; interlink from related pages."
17,how ai use in banking,geo,month,52.5,-0.064,0.211,False,2026-08-08: question suggestion for 'كيف ai in banking' [AE/ar] | 2026-08-09: question suggestion for 'كيف ai in banking' [AE/ar] | 2026-08-10: question suggestion for 'كيف ai in banking' [AE/ar],"Publish a definitive, stat-backed explainer with clear entity references, citations-friendly formatting, and up-to-date facts so AI engines cite you. Add a concise 40–60 word direct answer; mark up with FAQPage/HowTo schema; target voice/featured snippets. Create/refresh a dedicated page targeting this query; interlink from related pages."
18,open banking uae,geo,month,51.5,-0.231,-0.087,False,,"Publish a definitive, stat-backed explainer with clear entity references, citations-friendly formatting, and up-to-date facts so AI engines cite you. Create/refresh a dedicated page targeting this query; interlink from related pages."
19,what is ai in banking,geo,month,51.2,0.028,0.087,True,2026-08-08: question suggestion for 'what is ai in banking' [AE/en] | 2026-08-09: question suggestion for 'what is ai in banking' [AE/en] | 2026-08-10: question suggestion for 'what is ai in banking' [AE/en],"BREAKOUT detected — act now while competition is low. Publish a definitive, stat-backed explainer with clear entity references, citations-friendly formatting, and up-to-date facts so AI engines cite you. Add a concise 40–60 word direct answer; mark up with FAQPage/HowTo schema; target voice/featured snippets. Create/refresh a dedicated page targeting this query; interlink from related pages."
20,ai for banking and finance,geo,month,49.3,-0.064,0.366,True,2026-08-20: suggestion for 'for ai in banking' [AE/en] | 2026-08-21: suggestion for 'for ai in banking' [AE/en] | 2026-08-08: suggestion for 'for ai in banking' [AE/en],"BREAKOUT detected — act now while competition is low. Publish a definitive, stat-backed explainer with clear entity references, citations-friendly formatting, and up-to-date facts so AI engines cite you. Create/refresh a dedicated page targeting this query; interlink from related pages."
